641
508
308
915
206
396
560
203
427
63
360
136
118
605
526
176
354
693
277
804
171
121
502
983
120
337
251
748
331
464
261
595
559
702
437
82
650
608
661
648
393
663
819
959
274
820
262
132
506
556
836
711
340
95
735
110
699
655
550
339
910
483
743
590
493
478
979
60
587
487
905
766
103
725
585
848
497
728
941
410
664
15
473
102
49
127
7
468
195
792
800
965
313
146
894
239
813
665
321
925
125
773
640
412
844
563
275
4
454
562
184
154
365
913
977
950
613
16
695
222
394
866
634
733
302
220
166
317
903
480
73
407
942
642
494
533
318
433
151
456
830
512
952
209
93
883
975
900
139
14
973
100
461
79
346
797
405
943
255
12
705
558
517
182
825
860
2
479
759
470
737
81
247
947
785
756
611
867
635
525
488
747
887
496
423
48
369
281
39
0
701
615
831
779
548
335
191
385
529
343
638
227
729
827
889
769
477
218
135
36
812
633
929
105
276
822
598
652
287
546
937
542
683
157
987
106
686
177
754
167
586
724
985
292
248
547
881
34
148
810
833
927
165
919
597
372
429
996
97
252
47
923
554
516
708
258
958
774
89
989
939
926
439
475
211
897
872
673
11
568
65
356
651
237
486
114
624
631
204
534
772
995
492
190
408
108
614
269
68
824
878
366
838
159
467
50
723
270
842
298
381
173
864
205
968
221
77
201
10
28
315
280
392
338
272
609
752
192
119
503
111
326
368
451
208
370
789
160
288
61
776
880
783
371
384
418
678
535
593
137
453
37
583
808
777
510
231
922
871
378
565
757
131
417
760
567
162
982
918
373
457
656
96
170
66
932
582
823
630
436
402
128
229
431
616
519
299
357
264
780
643
44
991
116
577
873
828
432
966
425
861
459
226
87
969
714
954
580
767
539
152
544
970
364
899
696
420
523
610
972
147
174
791
374
143
658
64
156
671
829
202
817
129
35
245
543
669
382
363
778
341
376
404
984
169
361
71
448
938
75
600
6
537
22
674
358
956
46
676
349
978
444
916
682
753
180
898
518
647
449
588
716
639
632
419
524
606
217
501
41
210
413
988
185
902
612
731
283
377
689
545
700
994
646
345
690
691
57
522
379
895
727
826
398
687
712
521
951
732
284
257
401
569
187
390
740
809
236
253
787
45
892
406
219
591
54
527
164
482
336
351
603
104
348
101
874
771
434
807
42
572
76
359
126
249
790
84
188
428
553
514
70
627
265
56
845
561
130
734
794
907
858
870
21
225
917
62
806
450
230
19
117
153
709
23
738
175
736
622
555
183
963
216
906
890
986
962
868
741
667
462
267
863
850
309
896
52
551
599
948
344
815
511
234
936
5
149
876
244
746
888
857
507
30
109
961
74
575
949
285
710
574
625
438
194
200
69
835
86
426
904
471
515
775
852
626
685
865
992
400
914
677
469
849
893
181
750
715
212
189
316
323
602
803
489
411
350
43
98
755
946
971
657
933
730
882
853
242
491
26
758
67
498
391
637
389
78
294
330
834
303
33
645
513
138
532
718
240
617
80
58
660
576
799
325
332
912
504
818
297
254
362
538
500
314
974
386
91
578
707
259
869
305
441
424
380
763
786
215
520
967
474
875
163
679
88
726
32
843
113
150
134
445
241
692
564
751
463
263
592
94
295
1
854
446
155
801
207
570
531
706
846
935
921
484
581
322
589
505
668
224
761
680
684
837
112
703
452
654
300
472
72
333
3
659
557
509
596
924
55
528
193
29
940
623
383
762
584
621
694
178
688
250
928
293
816
993
304
213
168
20
83
99
781
92
421
541
197
123
764
25
409
53
644
839
495
301
490
278
877
719
414
115
223
717
310
141
307
268
805
840
607
133
944
367
901
246
18
144
196
720
186
311
909
891
713
672
601
279
795
353
620
552
997
980
286
745
145
342
296
579
999
256
990
198
796
670
375
320
415
397
666
443
388
271
199
422
540
273
430
481
142
798
998
957
618
721
976
158
911
485
782
739
233
282
884
704
698
566
9
908
749
352
784
768
40
214
981
770
649
847
573
945
931
571
347
811
27
859
38
920
681
964
930
953
604
59
886
319
458
476
744
124
172
107
416
536
235
934
31
243
290
238
140
232
291
334
851
955
122
856
312
765
653
395
722
530
675
161
594
324
17
399
460
841
629
802
885
24
306
328
636
228
879
442
403
862
13
793
662
499
85
832
549
466
447
51
788
327
329
435
619
628
742
387
179
855
8
821
814
355
440
465
266
455
960
90
260
289
697
